Albania	4.6	6,442,279,085	6,893,238,620	7,093,142,540	7,497,451,665	7,939,801,314
Algeria	5.2	78,895,342,484	82,534,408,887	87,156,335,785	93,431,591,961	97,449,150,416
Angola	4.3	17,245,698,514	17,973,633,439	20,457,911,760	21,531,454,923	23,873,962,039
Argentina	6.8	201,959,750,148	193,055,668,513	172,023,248,029	187,225,012,601	204,130,632,390
Armenia	3.7	2,754,946,339	3,018,226,684	3,416,219,125	3,895,883,451	4,303,698,370
Australia	7.3	590,990,901,233	602,389,157,113	625,660,026,061	644,925,655,534	671,732,538,036
Austria	7.0	288,929,631,274	292,831,682,585	297,680,535,741	299,931,471,547	308,046,854,698
Azerbaijan	4.9	7,035,249,733	7,731,739,456	8,551,303,777	9,509,049,820	10,478,972,940
Bangladesh	5.7	46,268,661,601	48,708,877,344	50,859,574,435	53,532,750,754	56,889,523,443
Belarus	4.3	21,041,101,430	22,035,357,859	23,147,100,568	24,777,395,460	27,614,343,544
Belgium	7.3	355,035,280,804	358,316,769,263	363,904,793,314	367,143,188,081	379,752,666,517
Bolivia	5.8	8,201,398,323	8,339,493,389	8,546,776,986	8,778,509,155	9,144,862,288
Bosnia	5.1	
Brazil	7.0	768,993,045,034	779,104,504,753	799,797,319,910	808,968,988,193	855,192,804,053
Britain	7.2	
Bulgaria	4.5	22,712,754,600	23,575,583,113	24,631,821,956	25,951,391,108	27,653,728,343
Canada	7.6	1,026,878,406,014	1,044,215,955,949	1,073,473,509,321	1,094,141,282,236	1,128,484,060,364
Chile	6.9	101,250,644,204	104,640,698,419	106,908,166,747	111,138,254,012	117,852,212,337
China	6.5	147,644,758,859	148,472,861,828	150,932,686,289	155,545,647,439	169,078,302,917
Colombia	8.1	122,659,075,459	124,717,170,010	127,840,063,584	132,849,184,877	139,934,061,223
Croatia	5.9	36,454,652,841	37,706,653,030	39,684,922,977	41,890,574,103	43,600,886,940
Czechia	6.7	
Denmark	8.0	247,446,864,102	249,483,738,008	250,647,076,311	251,624,828,854	258,265,084,919
Dominican Republic	6.8	28,565,149,660	29,081,958,770	30,765,282,834	30,687,336,281	31,089,941,311
Egypt	4.8	
El Salvador	7.2	15,219,053,495	15,479,137,440	15,841,476,610	16,205,836,634	16,505,731,408
Estonia	5.2	9,921,578,744	10,532,558,449	11,177,325,648	12,013,445,754	12,791,598,891
Finland	7.5	179,902,086,753	184,544,985,450	187,645,941,153	191,387,571,382	198,901,556,857
France	6.6	2,029,989,219,271	2,069,664,331,941	2,092,812,635,303	2,109,963,897,553	2,168,756,440,332
Georgia	4.1	4,501,184,537	4,717,486,805	4,975,714,395	5,525,933,974	5,849,606,150
Germany	7.1	2,777,363,465,901	2,824,447,720,116	2,824,751,487,091	2,804,398,931,503	2,837,509,796,423
Ghana	7.7	8,393,646,451	8,729,392,309	9,122,214,936	9,596,570,111	10,133,978,037
Greece	6.3	204,952,790,255	212,611,721,758	219,335,821,022	233,894,807,367	245,478,738,870
Guatemala	7.6	23,441,934,442	23,988,727,948	24,916,285,306	25,546,876,111	26,352,121,441
Honduras	7.2	7,704,758,600	7,914,574,068	8,211,713,918	8,585,103,675	9,120,153,346
Hungary	5.5	91,042,897,048	94,443,450,703	98,685,045,032	102,413,708,617	107,318,662,708
Iceland	7.8	13,676,932,441	14,191,590,145	14,255,942,205	14,642,483,262	15,847,357,697
India	5.7	602,653,710,235	631,725,521,906	655,756,204,857	707,301,144,107	763,340,165,418
Indonesia	6.6	226,918,055,661	235,185,738,881	245,767,863,325	257,516,474,374	270,471,803,588
Iran	6.0	
Ireland	7.8	165,931,802,592	174,681,836,169	184,880,325,946	190,347,654,455	199,062,527,608
Israel	6.7	127,394,340,547	127,535,436,212	127,457,569,296	128,830,304,064	135,340,222,201
Italy	6.9	1,768,788,645,351	1,800,146,087,524	1,804,660,631,622	1,807,414,594,588	1,836,031,712,928
Ivory Coast	5.7	
Japan	6.2	4,308,092,386,300	4,323,406,005,373	4,335,924,360,488	4,408,989,530,134	4,513,073,873,671
Jordan	5.1	9,241,357,060	9,728,503,194	10,292,015,596	10,720,549,509	11,638,522,125
Kenya	5.2	15,672,664,145	16,265,076,195	16,354,023,315	16,833,601,049	17,692,838,510
Latvia	4.8	10,822,812,606	11,693,345,404	12,450,199,800	13,346,108,625	14,504,256,891
Lebanon	5.3	17,383,441,662	18,070,698,831	18,680,381,901	19,285,138,788	20,727,436,194
Lithuania	4.9	17,924,960,438	19,132,334,492	20,445,486,537	22,540,470,795	24,197,371,918
Luxembourg	7.6	31,791,026,215	32,426,876,586	33,489,155,847	33,887,728,200	35,557,130,777
Macedonia	4.9	
Mali	4.9	3,901,566,287	4,373,655,808	4,555,307,683	4,894,286,121	5,001,251,734
Malta	8.0	5,721,155,308	5,632,483,775	5,790,846,034	5,798,495,016	5,769,315,566
Mexico	7.5	798,694,407,368	793,858,373,512	794,905,609,001	806,214,502,505	840,847,173,784
Moldova	3.5	2,122,817,827	2,252,309,715	2,427,989,875	2,588,237,217	2,780,027,212
Montenegro	5.5	1,965,064,919	1,986,680,633	2,024,427,565	2,075,038,254	2,166,339,937
Morocco	5.6	46,686,017,639	50,211,723,276	51,876,762,054	55,153,800,019	57,802,211,816
Netherlands	7.6	633,768,690,121	644,061,228,921	643,844,809,108	645,556,319,330	657,546,445,680
New Zealand	7.4	93,980,935,909	97,381,225,746	102,273,893,118	106,453,732,692	110,231,550,953
Nigeria	6.5	67,850,915,773	70,843,863,904	73,525,054,912	81,137,974,799	108,510,499,440
Norway	7.4	272,719,596,430	278,146,992,627	282,324,873,884	285,094,140,473	296,386,806,364
Pakistan	4.3	85,822,303,910	87,523,717,381	90,345,858,358	94,724,308,606	101,704,136,879
Peru	6.0	60,800,068,649	61,175,710,374	64,512,089,612	67,198,921,737	70,530,831,291
Philippines	6.4	82,353,669,774	84,736,978,727	87,826,402,660	92,191,694,324	98,366,358,824
Poland	5.9	262,992,798,132	266,162,654,537	270,004,710,306	279,623,717,099	293,984,228,677
Portugal	6.7	188,974,461,026	192,646,811,670	194,127,870,840	192,314,317,142	195,798,251,878
Romania	4.7	74,659,324,662	78,899,950,997	82,871,199,517	87,142,617,156	95,094,333,148
Russia	4.4	
Senegal	5.7	6,933,511,418	7,251,129,781	7,298,610,447	7,786,393,234	8,243,514,644
Serbia	5.1	19,424,713,892	20,394,534,308	21,845,766,151	22,810,347,181	24,873,888,218
Singapore	6.9	100,380,256,750	99,424,345,537	103,611,787,327	108,207,310,094	118,540,216,014
Slovakia	5.6	
Slovenia	6.3	30,461,692,313	31,360,118,885	32,563,188,784	33,488,661,701	34,946,019,745
South Africa	5.6	204,702,907,566	210,302,398,288	218,015,948,749	224,445,401,336	234,667,864,557
South Korea	5.8	712,753,633,298	745,008,012,435	800,380,238,376	823,857,047,979	864,224,819,957
Spain	6.6	979,526,070,487	1,018,717,723,225	1,048,054,745,560	1,081,462,112,993	1,115,709,382,306
Sweden	7.5	341,717,395,405	347,059,840,285	354,256,394,052	362,708,031,378	378,378,940,001
Switzerland	8.0	378,377,162,785	383,850,747,123	384,401,167,492	384,592,246,241	395,526,005,172
Taiwan	6.6	
Tanzania	3.2	10,060,678,389	10,664,100,660	11,428,029,221	12,214,989,201	13,171,215,003
Turkey	5.6	386,579,274,019	364,554,010,843	387,024,535,457	407,402,404,245	445,546,707,362
Uganda	5.2	6,517,689,669	6,855,544,615	7,454,217,784	7,936,748,583	8,477,021,579
Ukraine	3.6	59,536,498,012	65,013,855,829	68,394,576,332	74,823,666,508	83,877,330,155
Uruguay	6.7	17,205,113,129	16,543,726,221	15,264,564,115	15,387,487,195	16,157,501,729
Uzbekistan	6.2	10,995,014,210	11,456,804,808	11,915,077,000	12,415,510,234	13,371,504,522
United States	7.4	11,552,660,007,327	11,665,527,705,809	11,874,004,439,088	12,207,433,440,941	12,669,793,717,319
Venezuela	6.8	
Vietnam	6.1	41,288,646,006	43,845,607,803	46,617,010,183	49,833,147,314	53,588,777,916
Zimbabwe	3.3	8,447,465,997	8,569,076,991	7,806,941,277	6,480,145,789	6,103,808,840
